1 2 3 5
1 1000 100500 6000
325 37 1245 33
0 0 0 0
1 1 1 1
2147483647 2147483647 2147483647 2147483647
2147483647 2147483647 2147483647 2147483646
2147483647 2147483647 2147483647 -2147483648
2147483647 2147483647 2147483647 -2147483647
2147483647 2147483647 2147483646 2147483647
2147483647 2147483647 2147483646 2147483646
2147483647 2147483647 2147483646 -2147483648
2147483647 2147483647 2147483646 -2147483647
2147483647 2147483647 -2147483648 2147483647
2147483647 2147483647 -2147483648 2147483646
2147483647 2147483647 -2147483648 -2147483648
2147483647 2147483647 -2147483648 -2147483647
2147483647 2147483647 -2147483647 2147483647
2147483647 2147483647 -2147483647 2147483646
2147483647 2147483647 -2147483647 -2147483648
2147483647 2147483647 -2147483647 -2147483647
2147483647 2147483646 2147483647 2147483647
2147483647 2147483646 2147483647 2147483646
2147483647 2147483646 2147483647 -2147483648
2147483647 2147483646 2147483647 -2147483647
2147483647 2147483646 2147483646 2147483647
2147483647 2147483646 2147483646 2147483646
2147483647 2147483646 2147483646 -2147483648
2147483647 2147483646 2147483646 -2147483647
2147483647 2147483646 -2147483648 2147483647
2147483647 2147483646 -2147483648 2147483646
2147483647 2147483646 -2147483648 -2147483648
2147483647 2147483646 -2147483648 -2147483647
2147483647 2147483646 -2147483647 2147483647
2147483647 2147483646 -2147483647 2147483646
2147483647 2147483646 -2147483647 -2147483648
2147483647 2147483646 -2147483647 -2147483647
2147483647 -2147483648 2147483647 2147483647
2147483647 -2147483648 2147483647 2147483646
2147483647 -2147483648 2147483647 -2147483648
2147483647 -2147483648 2147483647 -2147483647
2147483647 -2147483648 2147483646 2147483647
2147483647 -2147483648 2147483646 2147483646
2147483647 -2147483648 2147483646 -2147483648
2147483647 -2147483648 2147483646 -2147483647
2147483647 -2147483648 -2147483648 2147483647
2147483647 -2147483648 -2147483648 2147483646
2147483647 -2147483648 -2147483648 -2147483648
2147483647 -2147483648 -2147483648 -2147483647
2147483647 -2147483648 -2147483647 2147483647
2147483647 -2147483648 -2147483647 2147483646
2147483647 -2147483648 -2147483647 -2147483648
2147483647 -2147483648 -2147483647 -2147483647
2147483647 -2147483647 2147483647 2147483647
2147483647 -2147483647 2147483647 2147483646
2147483647 -2147483647 2147483647 -2147483648
2147483647 -2147483647 2147483647 -2147483647
2147483647 -2147483647 2147483646 2147483647
2147483647 -2147483647 2147483646 2147483646
2147483647 -2147483647 2147483646 -2147483648
2147483647 -2147483647 2147483646 -2147483647
2147483647 -2147483647 -2147483648 2147483647
2147483647 -2147483647 -2147483648 2147483646
2147483647 -2147483647 -2147483648 -2147483648
2147483647 -2147483647 -2147483648 -2147483647
2147483647 -2147483647 -2147483647 2147483647
2147483647 -2147483647 -2147483647 2147483646
2147483647 -2147483647 -2147483647 -2147483648
2147483647 -2147483647 -2147483647 -2147483647
2147483646 2147483647 2147483647 2147483647
2147483646 2147483647 2147483647 2147483646
2147483646 2147483647 2147483647 -2147483648
2147483646 2147483647 2147483647 -2147483647
2147483646 2147483647 2147483646 2147483647
2147483646 2147483647 2147483646 2147483646
2147483646 2147483647 2147483646 -2147483648
2147483646 2147483647 2147483646 -2147483647
2147483646 2147483647 -2147483648 2147483647
2147483646 2147483647 -2147483648 2147483646
2147483646 2147483647 -2147483648 -2147483648
2147483646 2147483647 -2147483648 -2147483647
2147483646 2147483647 -2147483647 2147483647
2147483646 2147483647 -2147483647 2147483646
2147483646 2147483647 -2147483647 -2147483648
2147483646 2147483647 -2147483647 -2147483647
2147483646 2147483646 2147483647 2147483647
2147483646 2147483646 2147483647 2147483646
2147483646 2147483646 2147483647 -2147483648
2147483646 2147483646 2147483647 -2147483647
2147483646 2147483646 2147483646 2147483647
2147483646 2147483646 2147483646 2147483646
2147483646 2147483646 2147483646 -2147483648
2147483646 2147483646 2147483646 -2147483647
2147483646 2147483646 -2147483648 2147483647
2147483646 2147483646 -2147483648 2147483646
2147483646 2147483646 -2147483648 -2147483648
2147483646 2147483646 -2147483648 -2147483647
2147483646 2147483646 -2147483647 2147483647
2147483646 2147483646 -2147483647 2147483646
2147483646 2147483646 -2147483647 -2147483648
2147483646 2147483646 -2147483647 -2147483647
2147483646 -2147483648 2147483647 2147483647
2147483646 -2147483648 2147483647 2147483646
2147483646 -2147483648 2147483647 -2147483648
2147483646 -2147483648 2147483647 -2147483647
2147483646 -2147483648 2147483646 2147483647
2147483646 -2147483648 2147483646 2147483646
2147483646 -2147483648 2147483646 -2147483648
2147483646 -2147483648 2147483646 -2147483647
2147483646 -2147483648 -2147483648 2147483647
2147483646 -2147483648 -2147483648 2147483646
2147483646 -2147483648 -2147483648 -2147483648
2147483646 -2147483648 -2147483648 -2147483647
2147483646 -2147483648 -2147483647 2147483647
2147483646 -2147483648 -2147483647 2147483646
2147483646 -2147483648 -2147483647 -2147483648
2147483646 -2147483648 -2147483647 -2147483647
2147483646 -2147483647 2147483647 2147483647
2147483646 -2147483647 2147483647 2147483646
2147483646 -2147483647 2147483647 -2147483648
2147483646 -2147483647 2147483647 -2147483647
2147483646 -2147483647 2147483646 2147483647
2147483646 -2147483647 2147483646 2147483646
2147483646 -2147483647 2147483646 -2147483648
2147483646 -2147483647 2147483646 -2147483647
2147483646 -2147483647 -2147483648 2147483647
2147483646 -2147483647 -2147483648 2147483646
2147483646 -2147483647 -2147483648 -2147483648
2147483646 -2147483647 -2147483648 -2147483647
2147483646 -2147483647 -2147483647 2147483647
2147483646 -2147483647 -2147483647 2147483646
2147483646 -2147483647 -2147483647 -2147483648
2147483646 -2147483647 -2147483647 -2147483647
-2147483648 2147483647 2147483647 2147483647
-2147483648 2147483647 2147483647 2147483646
-2147483648 2147483647 2147483647 -2147483648
-2147483648 2147483647 2147483647 -2147483647
-2147483648 2147483647 2147483646 2147483647
-2147483648 2147483647 2147483646 2147483646
-2147483648 2147483647 2147483646 -2147483648
-2147483648 2147483647 2147483646 -2147483647
-2147483648 2147483647 -2147483648 2147483647
-2147483648 2147483647 -2147483648 2147483646
-2147483648 2147483647 -2147483648 -2147483648
-2147483648 2147483647 -2147483648 -2147483647
-2147483648 2147483647 -2147483647 2147483647
-2147483648 2147483647 -2147483647 2147483646
-2147483648 2147483647 -2147483647 -2147483648
-2147483648 2147483647 -2147483647 -2147483647
-2147483648 2147483646 2147483647 2147483647
-2147483648 2147483646 2147483647 2147483646
-2147483648 2147483646 2147483647 -2147483648
-2147483648 2147483646 2147483647 -2147483647
-2147483648 2147483646 2147483646 2147483647
-2147483648 2147483646 2147483646 2147483646
-2147483648 2147483646 2147483646 -2147483648
-2147483648 2147483646 2147483646 -2147483647
-2147483648 2147483646 -2147483648 2147483647
-2147483648 2147483646 -2147483648 2147483646
-2147483648 2147483646 -2147483648 -2147483648
-2147483648 2147483646 -2147483648 -2147483647
-2147483648 2147483646 -2147483647 2147483647
-2147483648 2147483646 -2147483647 2147483646
-2147483648 2147483646 -2147483647 -2147483648
-2147483648 2147483646 -2147483647 -2147483647
-2147483648 -2147483648 2147483647 2147483647
-2147483648 -2147483648 2147483647 2147483646
-2147483648 -2147483648 2147483647 -2147483648
-2147483648 -2147483648 2147483647 -2147483647
-2147483648 -2147483648 2147483646 2147483647
-2147483648 -2147483648 2147483646 2147483646
-2147483648 -2147483648 2147483646 -2147483648
-2147483648 -2147483648 2147483646 -2147483647
-2147483648 -2147483648 -2147483648 2147483647
-2147483648 -2147483648 -2147483648 2147483646
-2147483648 -2147483648 -2147483648 -2147483648
-2147483648 -2147483648 -2147483648 -2147483647
-2147483648 -2147483648 -2147483647 2147483647
-2147483648 -2147483648 -2147483647 2147483646
-2147483648 -2147483648 -2147483647 -2147483648
-2147483648 -2147483648 -2147483647 -2147483647
-2147483648 -2147483647 2147483647 2147483647
-2147483648 -2147483647 2147483647 2147483646
-2147483648 -2147483647 2147483647 -2147483648
-2147483648 -2147483647 2147483647 -2147483647
-2147483648 -2147483647 2147483646 2147483647
-2147483648 -2147483647 2147483646 2147483646
-2147483648 -2147483647 2147483646 -2147483648
-2147483648 -2147483647 2147483646 -2147483647
-2147483648 -2147483647 -2147483648 2147483647
-2147483648 -2147483647 -2147483648 2147483646
-2147483648 -2147483647 -2147483648 -2147483648
-2147483648 -2147483647 -2147483648 -2147483647
-2147483648 -2147483647 -2147483647 2147483647
-2147483648 -2147483647 -2147483647 2147483646
-2147483648 -2147483647 -2147483647 -2147483648
-2147483648 -2147483647 -2147483647 -2147483647
-2147483647 2147483647 2147483647 2147483647
-2147483647 2147483647 2147483647 2147483646
-2147483647 2147483647 2147483647 -2147483648
-2147483647 2147483647 2147483647 -2147483647
-2147483647 2147483647 2147483646 2147483647
-2147483647 2147483647 2147483646 2147483646
-2147483647 2147483647 2147483646 -2147483648
-2147483647 2147483647 2147483646 -2147483647
-2147483647 2147483647 -2147483648 2147483647
-2147483647 2147483647 -2147483648 2147483646
-2147483647 2147483647 -2147483648 -2147483648
-2147483647 2147483647 -2147483648 -2147483647
-2147483647 2147483647 -2147483647 2147483647
-2147483647 2147483647 -2147483647 2147483646
-2147483647 2147483647 -2147483647 -2147483648
-2147483647 2147483647 -2147483647 -2147483647
-2147483647 2147483646 2147483647 2147483647
-2147483647 2147483646 2147483647 2147483646
-2147483647 2147483646 2147483647 -2147483648
-2147483647 2147483646 2147483647 -2147483647
-2147483647 2147483646 2147483646 2147483647
-2147483647 2147483646 2147483646 2147483646
-2147483647 2147483646 2147483646 -2147483648
-2147483647 2147483646 2147483646 -2147483647
-2147483647 2147483646 -2147483648 2147483647
-2147483647 2147483646 -2147483648 2147483646
-2147483647 2147483646 -2147483648 -2147483648
-2147483647 2147483646 -2147483648 -2147483647
-2147483647 2147483646 -2147483647 2147483647
-2147483647 2147483646 -2147483647 2147483646
-2147483647 2147483646 -2147483647 -2147483648
-2147483647 2147483646 -2147483647 -2147483647
-2147483647 -2147483648 2147483647 2147483647
-2147483647 -2147483648 2147483647 2147483646
-2147483647 -2147483648 2147483647 -2147483648
-2147483647 -2147483648 2147483647 -2147483647
-2147483647 -2147483648 2147483646 2147483647
-2147483647 -2147483648 2147483646 2147483646
-2147483647 -2147483648 2147483646 -2147483648
-2147483647 -2147483648 2147483646 -2147483647
-2147483647 -2147483648 -2147483648 2147483647
-2147483647 -2147483648 -2147483648 2147483646
-2147483647 -2147483648 -2147483648 -2147483648
-2147483647 -2147483648 -2147483648 -2147483647
-2147483647 -2147483648 -2147483647 2147483647
-2147483647 -2147483648 -2147483647 2147483646
-2147483647 -2147483648 -2147483647 -2147483648
-2147483647 -2147483648 -2147483647 -2147483647
-2147483647 -2147483647 2147483647 2147483647
-2147483647 -2147483647 2147483647 2147483646
-2147483647 -2147483647 2147483647 -2147483648
-2147483647 -2147483647 2147483647 -2147483647
-2147483647 -2147483647 2147483646 2147483647
-2147483647 -2147483647 2147483646 2147483646
-2147483647 -2147483647 2147483646 -2147483648
-2147483647 -2147483647 2147483646 -2147483647
-2147483647 -2147483647 -2147483648 2147483647
-2147483647 -2147483647 -2147483648 2147483646
-2147483647 -2147483647 -2147483648 -2147483648
-2147483647 -2147483647 -2147483648 -2147483647
-2147483647 -2147483647 -2147483647 2147483647
-2147483647 -2147483647 -2147483647 2147483646
-2147483647 -2147483647 -2147483647 -2147483648
-2147483647 -2147483647 -2147483647 -2147483647
